{
 "cells": [
  {
   "cell_type": "code",
   "execution_count": 1,
   "id": "final-thickness",
   "metadata": {},
   "outputs": [],
   "source": [
    "import numpy as np\n",
    "import math\n",
    "#import SystolicMult as sysmult\n",
    "#import GeneralSystolicMult as gensysmult\n",
    "import AutoMatrixGenerator as automatgen\n",
    "import CoefInputMatrixGenerator as coinmatgen\n",
    "import RandomMTX_Gen as ranmatgen\n",
    "import InputGenerator as inputgen\n",
    "import CounterGenSysMult as countsysmult\n",
    "import CounterGenSysMult_V2 as countsysmult2\n",
    "import NormalizedFixed_Matrix as normMtx\n",
    "import _fixedInt as fInt"
   ]
  },
  {
   "cell_type": "code",
   "execution_count": 2,
   "id": "single-amplifier",
   "metadata": {},
   "outputs": [
    {
     "name": "stdin",
     "output_type": "stream",
     "text": [
      "\n",
      " DIMENSIONES DEL ARREGLO SISTOLICO :  16\n",
      "\n",
      " NUMERO DE MULTIPLICACIONES MATRICIALES :  10\n"
     ]
    },
    {
     "name": "stdout",
     "output_type": "stream",
     "text": [
      "\n",
      " NB_OUT :     20\n",
      "\n",
      " NB_OUT_F :   14\n",
      "B_aux[m] en m = :  0\n",
      "\n",
      " [11. 12. 13. 14. 15. 16. 17. 18. 19. 20. 21. 22. 23. 24. 25. 26.]\n",
      "B_aux[m] en m = :  1\n",
      "\n",
      " [21. 22. 23. 24. 25. 26. 27. 28. 29. 30. 31. 32. 33. 34. 35. 36.]\n",
      "B_aux[m] en m = :  2\n",
      "\n",
      " [31. 32. 33. 34. 35. 36. 37. 38. 39. 40. 41. 42. 43. 44. 45. 46.]\n",
      "B_aux[m] en m = :  3\n",
      "\n",
      " [41. 42. 43. 44. 45. 46. 47. 48. 49. 50. 51. 52. 53. 54. 55. 56.]\n",
      "B_aux[m] en m = :  4\n",
      "\n",
      " [51. 52. 53. 54. 55. 56. 57. 58. 59. 60. 61. 62. 63. 64. 65. 66.]\n",
      "B_aux[m] en m = :  5\n",
      "\n",
      " [61. 62. 63. 64. 65. 66. 67. 68. 69. 70. 71. 72. 73. 74. 75. 76.]\n",
      "B_aux[m] en m = :  6\n",
      "\n",
      " [71. 72. 73. 74. 75. 76. 77. 78. 79. 80. 81. 82. 83. 84. 85. 86.]\n",
      "B_aux[m] en m = :  7\n",
      "\n",
      " [81. 82. 83. 84. 85. 86. 87. 88. 89. 90. 91. 92. 93. 94. 95. 96.]\n",
      "B_aux[m] en m = :  8\n",
      "\n",
      " [ 91.  92.  93.  94.  95.  96.  97.  98.  99. 100. 101. 102. 103. 104.\n",
      " 105. 106.]\n",
      "B_aux[m] en m = :  9\n",
      "\n",
      " [101. 102. 103. 104. 105. 106. 107. 108. 109. 110. 111. 112. 113. 114.\n",
      " 115. 116.]\n",
      "B_aux[m] en m = :  10\n",
      "\n",
      " [111. 112. 113. 114. 115. 116. 117. 118. 119. 120. 121. 122. 123. 124.\n",
      " 125. 126.]\n",
      "B_aux[m] en m = :  11\n",
      "\n",
      " [121. 122. 123. 124. 125. 126. 127. 128. 129. 130. 131. 132. 133. 134.\n",
      " 135. 136.]\n",
      "B_aux[m] en m = :  12\n",
      "\n",
      " [131. 132. 133. 134. 135. 136. 137. 138. 139. 140. 141. 142. 143. 144.\n",
      " 145. 146.]\n",
      "B_aux[m] en m = :  13\n",
      "\n",
      " [141. 142. 143. 144. 145. 146. 147. 148. 149. 150. 151. 152. 153. 154.\n",
      " 155. 156.]\n",
      "B_aux[m] en m = :  14\n",
      "\n",
      " [151. 152. 153. 154. 155. 156. 157. 158. 159. 160. 161. 162. 163. 164.\n",
      " 165. 166.]\n",
      "B_aux[m] en m = :  15\n",
      "\n",
      " [161. 162. 163. 164. 165. 166. 167. 168. 169. 170. 171. 172. 173. 174.\n",
      " 175. 176.]\n",
      "len(A_aux) 16\n",
      "len(A_aux[0]) 16\n",
      "A_aux \n",
      " [[ 11.  12.  13.  14.  15.  16.  17.  18.  19.  20.  21.  22.  23.  24.\n",
      "   25.  26.]\n",
      " [ 21.  22.  23.  24.  25.  26.  27.  28.  29.  30.  31.  32.  33.  34.\n",
      "   35.  36.]\n",
      " [ 31.  32.  33.  34.  35.  36.  37.  38.  39.  40.  41.  42.  43.  44.\n",
      "   45.  46.]\n",
      " [ 41.  42.  43.  44.  45.  46.  47.  48.  49.  50.  51.  52.  53.  54.\n",
      "   55.  56.]\n",
      " [ 51.  52.  53.  54.  55.  56.  57.  58.  59.  60.  61.  62.  63.  64.\n",
      "   65.  66.]\n",
      " [ 61.  62.  63.  64.  65.  66.  67.  68.  69.  70.  71.  72.  73.  74.\n",
      "   75.  76.]\n",
      " [ 71.  72.  73.  74.  75.  76.  77.  78.  79.  80.  81.  82.  83.  84.\n",
      "   85.  86.]\n",
      " [ 81.  82.  83.  84.  85.  86.  87.  88.  89.  90.  91.  92.  93.  94.\n",
      "   95.  96.]\n",
      " [ 91.  92.  93.  94.  95.  96.  97.  98.  99. 100. 101. 102. 103. 104.\n",
      "  105. 106.]\n",
      " [101. 102. 103. 104. 105. 106. 107. 108. 109. 110. 111. 112. 113. 114.\n",
      "  115. 116.]\n",
      " [111. 112. 113. 114. 115. 116. 117. 118. 119. 120. 121. 122. 123. 124.\n",
      "  125. 126.]\n",
      " [121. 122. 123. 124. 125. 126. 127. 128. 129. 130. 131. 132. 133. 134.\n",
      "  135. 136.]\n",
      " [131. 132. 133. 134. 135. 136. 137. 138. 139. 140. 141. 142. 143. 144.\n",
      "  145. 146.]\n",
      " [141. 142. 143. 144. 145. 146. 147. 148. 149. 150. 151. 152. 153. 154.\n",
      "  155. 156.]\n",
      " [151. 152. 153. 154. 155. 156. 157. 158. 159. 160. 161. 162. 163. 164.\n",
      "  165. 166.]\n",
      " [161. 162. 163. 164. 165. 166. 167. 168. 169. 170. 171. 172. 173. 174.\n",
      "  175. 176.]]\n",
      "len(B_aux) 16\n",
      "len(B_aux[0]) 16\n",
      "B_aux \n",
      " [[176. 175. 174. 173. 172. 171. 170. 169. 168. 167. 166. 165. 164. 163.\n",
      "  162. 161.]\n",
      " [166. 165. 164. 163. 162. 161. 160. 159. 158. 157. 156. 155. 154. 153.\n",
      "  152. 151.]\n",
      " [156. 155. 154. 153. 152. 151. 150. 149. 148. 147. 146. 145. 144. 143.\n",
      "  142. 141.]\n",
      " [146. 145. 144. 143. 142. 141. 140. 139. 138. 137. 136. 135. 134. 133.\n",
      "  132. 131.]\n",
      " [136. 135. 134. 133. 132. 131. 130. 129. 128. 127. 126. 125. 124. 123.\n",
      "  122. 121.]\n",
      " [126. 125. 124. 123. 122. 121. 120. 119. 118. 117. 116. 115. 114. 113.\n",
      "  112. 111.]\n",
      " [116. 115. 114. 113. 112. 111. 110. 109. 108. 107. 106. 105. 104. 103.\n",
      "  102. 101.]\n",
      " [106. 105. 104. 103. 102. 101. 100.  99.  98.  97.  96.  95.  94.  93.\n",
      "   92.  91.]\n",
      " [ 96.  95.  94.  93.  92.  91.  90.  89.  88.  87.  86.  85.  84.  83.\n",
      "   82.  81.]\n",
      " [ 86.  85.  84.  83.  82.  81.  80.  79.  78.  77.  76.  75.  74.  73.\n",
      "   72.  71.]\n",
      " [ 76.  75.  74.  73.  72.  71.  70.  69.  68.  67.  66.  65.  64.  63.\n",
      "   62.  61.]\n",
      " [ 66.  65.  64.  63.  62.  61.  60.  59.  58.  57.  56.  55.  54.  53.\n",
      "   52.  51.]\n",
      " [ 56.  55.  54.  53.  52.  51.  50.  49.  48.  47.  46.  45.  44.  43.\n",
      "   42.  41.]\n",
      " [ 46.  45.  44.  43.  42.  41.  40.  39.  38.  37.  36.  35.  34.  33.\n",
      "   32.  31.]\n",
      " [ 36.  35.  34.  33.  32.  31.  30.  29.  28.  27.  26.  25.  24.  23.\n",
      "   22.  21.]\n",
      " [ 26.  25.  24.  23.  22.  21.  20.  19.  18.  17.  16.  15.  14.  13.\n",
      "   12.  11.]]\n",
      "B_aux[m] en m = :  0\n",
      "\n",
      " [11. 12. 13. 14. 15. 16. 17. 18. 19. 20. 21. 22. 23. 24. 25. 26.]\n",
      "B_aux[m] en m = :  1\n",
      "\n",
      " [21. 22. 23. 24. 25. 26. 27. 28. 29. 30. 31. 32. 33. 34. 35. 36.]\n",
      "B_aux[m] en m = :  2\n",
      "\n",
      " [31. 32. 33. 34. 35. 36. 37. 38. 39. 40. 41. 42. 43. 44. 45. 46.]\n",
      "B_aux[m] en m = :  3\n",
      "\n",
      " [41. 42. 43. 44. 45. 46. 47. 48. 49. 50. 51. 52. 53. 54. 55. 56.]\n",
      "B_aux[m] en m = :  4\n",
      "\n",
      " [51. 52. 53. 54. 55. 56. 57. 58. 59. 60. 61. 62. 63. 64. 65. 66.]\n",
      "B_aux[m] en m = :  5\n",
      "\n",
      " [61. 62. 63. 64. 65. 66. 67. 68. 69. 70. 71. 72. 73. 74. 75. 76.]\n",
      "B_aux[m] en m = :  6\n",
      "\n",
      " [71. 72. 73. 74. 75. 76. 77. 78. 79. 80. 81. 82. 83. 84. 85. 86.]\n",
      "B_aux[m] en m = :  7\n",
      "\n",
      " [81. 82. 83. 84. 85. 86. 87. 88. 89. 90. 91. 92. 93. 94. 95. 96.]\n",
      "B_aux[m] en m = :  8\n",
      "\n",
      " [ 91.  92.  93.  94.  95.  96.  97.  98.  99. 100. 101. 102. 103. 104.\n",
      " 105. 106.]\n",
      "B_aux[m] en m = :  9\n",
      "\n",
      " [101. 102. 103. 104. 105. 106. 107. 108. 109. 110. 111. 112. 113. 114.\n",
      " 115. 116.]\n",
      "B_aux[m] en m = :  10\n",
      "\n",
      " [111. 112. 113. 114. 115. 116. 117. 118. 119. 120. 121. 122. 123. 124.\n",
      " 125. 126.]\n",
      "B_aux[m] en m = :  11\n",
      "\n",
      " [121. 122. 123. 124. 125. 126. 127. 128. 129. 130. 131. 132. 133. 134.\n",
      " 135. 136.]\n",
      "B_aux[m] en m = :  12\n",
      "\n",
      " [131. 132. 133. 134. 135. 136. 137. 138. 139. 140. 141. 142. 143. 144.\n",
      " 145. 146.]\n",
      "B_aux[m] en m = :  13\n",
      "\n",
      " [141. 142. 143. 144. 145. 146. 147. 148. 149. 150. 151. 152. 153. 154.\n",
      " 155. 156.]\n",
      "B_aux[m] en m = :  14\n",
      "\n",
      " [151. 152. 153. 154. 155. 156. 157. 158. 159. 160. 161. 162. 163. 164.\n",
      " 165. 166.]\n",
      "B_aux[m] en m = :  15\n",
      "\n",
      " [161. 162. 163. 164. 165. 166. 167. 168. 169. 170. 171. 172. 173. 174.\n",
      " 175. 176.]\n",
      "len(A_aux) 16\n",
      "len(A_aux[0]) 16\n",
      "A_aux \n",
      " [[ -11.  -12.  -13.  -14.  -15.  -16.  -17.  -18.  -19.  -20.  -21.  -22.\n",
      "   -23.  -24.  -25.  -26.]\n",
      " [ -21.  -22.  -23.  -24.  -25.  -26.  -27.  -28.  -29.  -30.  -31.  -32.\n",
      "   -33.  -34.  -35.  -36.]\n",
      " [ -31.  -32.  -33.  -34.  -35.  -36.  -37.  -38.  -39.  -40.  -41.  -42.\n",
      "   -43.  -44.  -45.  -46.]\n",
      " [ -41.  -42.  -43.  -44.  -45.  -46.  -47.  -48.  -49.  -50.  -51.  -52.\n",
      "   -53.  -54.  -55.  -56.]\n",
      " [ -51.  -52.  -53.  -54.  -55.  -56.  -57.  -58.  -59.  -60.  -61.  -62.\n",
      "   -63.  -64.  -65.  -66.]\n",
      " [ -61.  -62.  -63.  -64.  -65.  -66.  -67.  -68.  -69.  -70.  -71.  -72.\n",
      "   -73.  -74.  -75.  -76.]\n",
      " [ -71.  -72.  -73.  -74.  -75.  -76.  -77.  -78.  -79.  -80.  -81.  -82.\n",
      "   -83.  -84.  -85.  -86.]\n",
      " [ -81.  -82.  -83.  -84.  -85.  -86.  -87.  -88.  -89.  -90.  -91.  -92.\n",
      "   -93.  -94.  -95.  -96.]\n",
      " [ -91.  -92.  -93.  -94.  -95.  -96.  -97.  -98.  -99. -100. -101. -102.\n",
      "  -103. -104. -105. -106.]\n",
      " [-101. -102. -103. -104. -105. -106. -107. -108. -109. -110. -111. -112.\n",
      "  -113. -114. -115. -116.]\n",
      " [-111. -112. -113. -114. -115. -116. -117. -118. -119. -120. -121. -122.\n",
      "  -123. -124. -125. -126.]\n",
      " [-121. -122. -123. -124. -125. -126. -127. -128. -129. -130. -131. -132.\n",
      "  -133. -134. -135. -136.]\n",
      " [-131. -132. -133. -134. -135. -136. -137. -138. -139. -140. -141. -142.\n",
      "  -143. -144. -145. -146.]\n",
      " [-141. -142. -143. -144. -145. -146. -147. -148. -149. -150. -151. -152.\n",
      "  -153. -154. -155. -156.]\n",
      " [-151. -152. -153. -154. -155. -156. -157. -158. -159. -160. -161. -162.\n",
      "  -163. -164. -165. -166.]\n",
      " [-161. -162. -163. -164. -165. -166. -167. -168. -169. -170. -171. -172.\n",
      "  -173. -174. -175. -176.]]\n",
      "len(B_aux) 16\n",
      "len(B_aux[0]) 16\n",
      "B_aux \n",
      " [[176. 175. 174. 173. 172. 171. 170. 169. 168. 167. 166. 165. 164. 163.\n",
      "  162. 161.]\n",
      " [166. 165. 164. 163. 162. 161. 160. 159. 158. 157. 156. 155. 154. 153.\n",
      "  152. 151.]\n",
      " [156. 155. 154. 153. 152. 151. 150. 149. 148. 147. 146. 145. 144. 143.\n",
      "  142. 141.]\n",
      " [146. 145. 144. 143. 142. 141. 140. 139. 138. 137. 136. 135. 134. 133.\n",
      "  132. 131.]\n",
      " [136. 135. 134. 133. 132. 131. 130. 129. 128. 127. 126. 125. 124. 123.\n",
      "  122. 121.]\n",
      " [126. 125. 124. 123. 122. 121. 120. 119. 118. 117. 116. 115. 114. 113.\n",
      "  112. 111.]\n",
      " [116. 115. 114. 113. 112. 111. 110. 109. 108. 107. 106. 105. 104. 103.\n",
      "  102. 101.]\n",
      " [106. 105. 104. 103. 102. 101. 100.  99.  98.  97.  96.  95.  94.  93.\n",
      "   92.  91.]\n",
      " [ 96.  95.  94.  93.  92.  91.  90.  89.  88.  87.  86.  85.  84.  83.\n",
      "   82.  81.]\n",
      " [ 86.  85.  84.  83.  82.  81.  80.  79.  78.  77.  76.  75.  74.  73.\n",
      "   72.  71.]\n",
      " [ 76.  75.  74.  73.  72.  71.  70.  69.  68.  67.  66.  65.  64.  63.\n",
      "   62.  61.]\n",
      " [ 66.  65.  64.  63.  62.  61.  60.  59.  58.  57.  56.  55.  54.  53.\n",
      "   52.  51.]\n",
      " [ 56.  55.  54.  53.  52.  51.  50.  49.  48.  47.  46.  45.  44.  43.\n",
      "   42.  41.]\n",
      " [ 46.  45.  44.  43.  42.  41.  40.  39.  38.  37.  36.  35.  34.  33.\n",
      "   32.  31.]\n",
      " [ 36.  35.  34.  33.  32.  31.  30.  29.  28.  27.  26.  25.  24.  23.\n",
      "   22.  21.]\n",
      " [ 26.  25.  24.  23.  22.  21.  20.  19.  18.  17.  16.  15.  14.  13.\n",
      "   12.  11.]]\n",
      "B_aux[m] en m = :  0\n",
      "\n",
      " [11. 12. 13. 14. 15. 16. 17. 18. 19. 20. 21. 22. 23. 24. 25. 26.]\n",
      "B_aux[m] en m = :  1\n",
      "\n",
      " [21. 22. 23. 24. 25. 26. 27. 28. 29. 30. 31. 32. 33. 34. 35. 36.]\n",
      "B_aux[m] en m = :  2\n",
      "\n",
      " [31. 32. 33. 34. 35. 36. 37. 38. 39. 40. 41. 42. 43. 44. 45. 46.]\n",
      "B_aux[m] en m = :  3\n",
      "\n",
      " [41. 42. 43. 44. 45. 46. 47. 48. 49. 50. 51. 52. 53. 54. 55. 56.]\n",
      "B_aux[m] en m = :  4\n",
      "\n",
      " [51. 52. 53. 54. 55. 56. 57. 58. 59. 60. 61. 62. 63. 64. 65. 66.]\n",
      "B_aux[m] en m = :  5\n",
      "\n",
      " [61. 62. 63. 64. 65. 66. 67. 68. 69. 70. 71. 72. 73. 74. 75. 76.]\n",
      "B_aux[m] en m = :  6\n",
      "\n",
      " [71. 72. 73. 74. 75. 76. 77. 78. 79. 80. 81. 82. 83. 84. 85. 86.]\n",
      "B_aux[m] en m = :  7\n",
      "\n",
      " [81. 82. 83. 84. 85. 86. 87. 88. 89. 90. 91. 92. 93. 94. 95. 96.]\n",
      "B_aux[m] en m = :  8\n",
      "\n",
      " [ 91.  92.  93.  94.  95.  96.  97.  98.  99. 100. 101. 102. 103. 104.\n",
      " 105. 106.]\n",
      "B_aux[m] en m = :  9\n",
      "\n",
      " [101. 102. 103. 104. 105. 106. 107. 108. 109. 110. 111. 112. 113. 114.\n",
      " 115. 116.]\n",
      "B_aux[m] en m = :  10\n",
      "\n",
      " [111. 112. 113. 114. 115. 116. 117. 118. 119. 120. 121. 122. 123. 124.\n",
      " 125. 126.]\n",
      "B_aux[m] en m = :  11\n",
      "\n",
      " [121. 122. 123. 124. 125. 126. 127. 128. 129. 130. 131. 132. 133. 134.\n",
      " 135. 136.]\n",
      "B_aux[m] en m = :  12\n",
      "\n",
      " [131. 132. 133. 134. 135. 136. 137. 138. 139. 140. 141. 142. 143. 144.\n",
      " 145. 146.]\n",
      "B_aux[m] en m = :  13\n",
      "\n",
      " [141. 142. 143. 144. 145. 146. 147. 148. 149. 150. 151. 152. 153. 154.\n",
      " 155. 156.]\n",
      "B_aux[m] en m = :  14\n",
      "\n",
      " [151. 152. 153. 154. 155. 156. 157. 158. 159. 160. 161. 162. 163. 164.\n",
      " 165. 166.]\n",
      "B_aux[m] en m = :  15\n",
      "\n",
      " [161. 162. 163. 164. 165. 166. 167. 168. 169. 170. 171. 172. 173. 174.\n",
      " 175. 176.]\n",
      "len(A_aux) 16\n",
      "len(A_aux[0]) 16\n",
      "A_aux \n",
      " [[ 11.  12.  13.  14.  15.  16.  17.  18.  19.  20.  21.  22.  23.  24.\n",
      "   25.  26.]\n",
      " [ 21.  22.  23.  24.  25.  26.  27.  28.  29.  30.  31.  32.  33.  34.\n",
      "   35.  36.]\n",
      " [ 31.  32.  33.  34.  35.  36.  37.  38.  39.  40.  41.  42.  43.  44.\n",
      "   45.  46.]\n",
      " [ 41.  42.  43.  44.  45.  46.  47.  48.  49.  50.  51.  52.  53.  54.\n",
      "   55.  56.]\n",
      " [ 51.  52.  53.  54.  55.  56.  57.  58.  59.  60.  61.  62.  63.  64.\n",
      "   65.  66.]\n",
      " [ 61.  62.  63.  64.  65.  66.  67.  68.  69.  70.  71.  72.  73.  74.\n",
      "   75.  76.]\n",
      " [ 71.  72.  73.  74.  75.  76.  77.  78.  79.  80.  81.  82.  83.  84.\n",
      "   85.  86.]\n",
      " [ 81.  82.  83.  84.  85.  86.  87.  88.  89.  90.  91.  92.  93.  94.\n",
      "   95.  96.]\n",
      " [ 91.  92.  93.  94.  95.  96.  97.  98.  99. 100. 101. 102. 103. 104.\n",
      "  105. 106.]\n",
      " [101. 102. 103. 104. 105. 106. 107. 108. 109. 110. 111. 112. 113. 114.\n",
      "  115. 116.]\n",
      " [111. 112. 113. 114. 115. 116. 117. 118. 119. 120. 121. 122. 123. 124.\n",
      "  125. 126.]\n",
      " [121. 122. 123. 124. 125. 126. 127. 128. 129. 130. 131. 132. 133. 134.\n",
      "  135. 136.]\n",
      " [131. 132. 133. 134. 135. 136. 137. 138. 139. 140. 141. 142. 143. 144.\n",
      "  145. 146.]\n",
      " [141. 142. 143. 144. 145. 146. 147. 148. 149. 150. 151. 152. 153. 154.\n",
      "  155. 156.]\n",
      " [151. 152. 153. 154. 155. 156. 157. 158. 159. 160. 161. 162. 163. 164.\n",
      "  165. 166.]\n",
      " [161. 162. 163. 164. 165. 166. 167. 168. 169. 170. 171. 172. 173. 174.\n",
      "  175. 176.]]\n",
      "len(B_aux) 16\n",
      "len(B_aux[0]) 16\n",
      "B_aux \n",
      " [[176. 175. 174. 173. 172. 171. 170. 169. 168. 167. 166. 165. 164. 163.\n",
      "  162. 161.]\n",
      " [166. 165. 164. 163. 162. 161. 160. 159. 158. 157. 156. 155. 154. 153.\n",
      "  152. 151.]\n",
      " [156. 155. 154. 153. 152. 151. 150. 149. 148. 147. 146. 145. 144. 143.\n",
      "  142. 141.]\n",
      " [146. 145. 144. 143. 142. 141. 140. 139. 138. 137. 136. 135. 134. 133.\n",
      "  132. 131.]\n",
      " [136. 135. 134. 133. 132. 131. 130. 129. 128. 127. 126. 125. 124. 123.\n",
      "  122. 121.]\n",
      " [126. 125. 124. 123. 122. 121. 120. 119. 118. 117. 116. 115. 114. 113.\n",
      "  112. 111.]\n",
      " [116. 115. 114. 113. 112. 111. 110. 109. 108. 107. 106. 105. 104. 103.\n",
      "  102. 101.]\n",
      " [106. 105. 104. 103. 102. 101. 100.  99.  98.  97.  96.  95.  94.  93.\n",
      "   92.  91.]\n",
      " [ 96.  95.  94.  93.  92.  91.  90.  89.  88.  87.  86.  85.  84.  83.\n",
      "   82.  81.]\n",
      " [ 86.  85.  84.  83.  82.  81.  80.  79.  78.  77.  76.  75.  74.  73.\n",
      "   72.  71.]\n",
      " [ 76.  75.  74.  73.  72.  71.  70.  69.  68.  67.  66.  65.  64.  63.\n",
      "   62.  61.]\n",
      " [ 66.  65.  64.  63.  62.  61.  60.  59.  58.  57.  56.  55.  54.  53.\n",
      "   52.  51.]\n",
      " [ 56.  55.  54.  53.  52.  51.  50.  49.  48.  47.  46.  45.  44.  43.\n",
      "   42.  41.]\n",
      " [ 46.  45.  44.  43.  42.  41.  40.  39.  38.  37.  36.  35.  34.  33.\n",
      "   32.  31.]\n",
      " [ 36.  35.  34.  33.  32.  31.  30.  29.  28.  27.  26.  25.  24.  23.\n",
      "   22.  21.]\n",
      " [ 26.  25.  24.  23.  22.  21.  20.  19.  18.  17.  16.  15.  14.  13.\n",
      "   12.  11.]]\n",
      "A_aux[len(A)+r] en r = :  0\n",
      "\n",
      " [0. 0. 0. 0. 0. 0. 0. 0. 0. 0. 0. 0. 0. 0. 0. 0.]\n",
      "A_aux[len(A)+r] en r = :  1\n",
      "\n",
      " [0. 0. 0. 0. 0. 0. 0. 0. 0. 0. 0. 0. 0. 0. 0. 0.]\n",
      "B_aux[m] en m = :  0\n",
      "\n",
      " [11. 12. 13. 14. 15. 16. 17. 18. 19. 20. 21. 22. 23. 24. 25.  0.]\n",
      "B_aux[m] en m = :  1\n",
      "\n",
      " [21. 22. 23. 24. 25. 26. 27. 28. 29. 30. 31. 32. 33. 34. 35.  0.]\n",
      "B_aux[m] en m = :  2\n",
      "\n",
      " [31. 32. 33. 34. 35. 36. 37. 38. 39. 40. 41. 42. 43. 44. 45.  0.]\n",
      "B_aux[m] en m = :  3\n",
      "\n",
      " [41. 42. 43. 44. 45. 46. 47. 48. 49. 50. 51. 52. 53. 54. 55.  0.]\n",
      "B_aux[m] en m = :  4\n",
      "\n",
      " [51. 52. 53. 54. 55. 56. 57. 58. 59. 60. 61. 62. 63. 64. 65.  0.]\n",
      "B_aux[m] en m = :  5\n",
      "\n",
      " [61. 62. 63. 64. 65. 66. 67. 68. 69. 70. 71. 72. 73. 74. 75.  0.]\n",
      "B_aux[m] en m = :  6\n",
      "\n",
      " [71. 72. 73. 74. 75. 76. 77. 78. 79. 80. 81. 82. 83. 84. 85.  0.]\n",
      "B_aux[m] en m = :  7\n",
      "\n",
      " [81. 82. 83. 84. 85. 86. 87. 88. 89. 90. 91. 92. 93. 94. 95.  0.]\n",
      "B_aux[m] en m = :  8\n",
      "\n",
      " [ 91.  92.  93.  94.  95.  96.  97.  98.  99. 100. 101. 102. 103. 104.\n",
      " 105.   0.]\n",
      "B_aux[m] en m = :  9\n",
      "\n",
      " [101. 102. 103. 104. 105. 106. 107. 108. 109. 110. 111. 112. 113. 114.\n",
      " 115.   0.]\n",
      "B_aux[m] en m = :  10\n",
      "\n",
      " [111. 112. 113. 114. 115. 116. 117. 118. 119. 120. 121. 122. 123. 124.\n",
      " 125.   0.]\n",
      "B_aux[m] en m = :  11\n",
      "\n",
      " [121. 122. 123. 124. 125. 126. 127. 128. 129. 130. 131. 132. 133. 134.\n",
      " 135.   0.]\n",
      "B_aux[m] en m = :  12\n",
      "\n",
      " [131. 132. 133. 134. 135. 136. 137. 138. 139. 140. 141. 142. 143. 144.\n",
      " 145.   0.]\n",
      "B_aux[m] en m = :  13\n",
      "\n",
      " [141. 142. 143. 144. 145. 146. 147. 148. 149. 150. 151. 152. 153. 154.\n",
      " 155.   0.]\n",
      "len(A_aux) 16\n",
      "len(A_aux[0]) 16\n",
      "A_aux \n",
      " [[ -11.  -12.  -13.  -14.  -15.  -16.  -17.  -18.  -19.  -20.  -21.  -22.\n",
      "   -23.  -24.    0.    0.]\n",
      " [ -21.  -22.  -23.  -24.  -25.  -26.  -27.  -28.  -29.  -30.  -31.  -32.\n",
      "   -33.  -34.    0.    0.]\n",
      " [ -31.  -32.  -33.  -34.  -35.  -36.  -37.  -38.  -39.  -40.  -41.  -42.\n",
      "   -43.  -44.    0.    0.]\n",
      " [ -41.  -42.  -43.  -44.  -45.  -46.  -47.  -48.  -49.  -50.  -51.  -52.\n",
      "   -53.  -54.    0.    0.]\n",
      " [ -51.  -52.  -53.  -54.  -55.  -56.  -57.  -58.  -59.  -60.  -61.  -62.\n",
      "   -63.  -64.    0.    0.]\n",
      " [ -61.  -62.  -63.  -64.  -65.  -66.  -67.  -68.  -69.  -70.  -71.  -72.\n",
      "   -73.  -74.    0.    0.]\n",
      " [ -71.  -72.  -73.  -74.  -75.  -76.  -77.  -78.  -79.  -80.  -81.  -82.\n",
      "   -83.  -84.    0.    0.]\n",
      " [ -81.  -82.  -83.  -84.  -85.  -86.  -87.  -88.  -89.  -90.  -91.  -92.\n",
      "   -93.  -94.    0.    0.]\n",
      " [ -91.  -92.  -93.  -94.  -95.  -96.  -97.  -98.  -99. -100. -101. -102.\n",
      "  -103. -104.    0.    0.]\n",
      " [-101. -102. -103. -104. -105. -106. -107. -108. -109. -110. -111. -112.\n",
      "  -113. -114.    0.    0.]\n",
      " [-111. -112. -113. -114. -115. -116. -117. -118. -119. -120. -121. -122.\n",
      "  -123. -124.    0.    0.]\n",
      " [-121. -122. -123. -124. -125. -126. -127. -128. -129. -130. -131. -132.\n",
      "  -133. -134.    0.    0.]\n",
      " [-131. -132. -133. -134. -135. -136. -137. -138. -139. -140. -141. -142.\n",
      "  -143. -144.    0.    0.]\n",
      " [-141. -142. -143. -144. -145. -146. -147. -148. -149. -150. -151. -152.\n",
      "  -153. -154.    0.    0.]\n",
      " [   0.    0.    0.    0.    0.    0.    0.    0.    0.    0.    0.    0.\n",
      "     0.    0.    0.    0.]\n",
      " [   0.    0.    0.    0.    0.    0.    0.    0.    0.    0.    0.    0.\n",
      "     0.    0.    0.    0.]]\n",
      "len(B_aux) 16\n",
      "len(B_aux[0]) 16\n",
      "B_aux \n",
      " [[  0.   0.   0.   0.   0.   0.   0.   0.   0.   0.   0.   0.   0.   0.\n",
      "    0.   0.]\n",
      " [  0.   0.   0.   0.   0.   0.   0.   0.   0.   0.   0.   0.   0.   0.\n",
      "    0.   0.]\n",
      " [  0. 155. 154. 153. 152. 151. 150. 149. 148. 147. 146. 145. 144. 143.\n",
      "  142. 141.]\n",
      " [  0. 145. 144. 143. 142. 141. 140. 139. 138. 137. 136. 135. 134. 133.\n",
      "  132. 131.]\n",
      " [  0. 135. 134. 133. 132. 131. 130. 129. 128. 127. 126. 125. 124. 123.\n",
      "  122. 121.]\n",
      " [  0. 125. 124. 123. 122. 121. 120. 119. 118. 117. 116. 115. 114. 113.\n",
      "  112. 111.]\n",
      " [  0. 115. 114. 113. 112. 111. 110. 109. 108. 107. 106. 105. 104. 103.\n",
      "  102. 101.]\n",
      " [  0. 105. 104. 103. 102. 101. 100.  99.  98.  97.  96.  95.  94.  93.\n",
      "   92.  91.]\n",
      " [  0.  95.  94.  93.  92.  91.  90.  89.  88.  87.  86.  85.  84.  83.\n",
      "   82.  81.]\n",
      " [  0.  85.  84.  83.  82.  81.  80.  79.  78.  77.  76.  75.  74.  73.\n",
      "   72.  71.]\n",
      " [  0.  75.  74.  73.  72.  71.  70.  69.  68.  67.  66.  65.  64.  63.\n",
      "   62.  61.]\n",
      " [  0.  65.  64.  63.  62.  61.  60.  59.  58.  57.  56.  55.  54.  53.\n",
      "   52.  51.]\n",
      " [  0.  55.  54.  53.  52.  51.  50.  49.  48.  47.  46.  45.  44.  43.\n",
      "   42.  41.]\n",
      " [  0.  45.  44.  43.  42.  41.  40.  39.  38.  37.  36.  35.  34.  33.\n",
      "   32.  31.]\n",
      " [  0.  35.  34.  33.  32.  31.  30.  29.  28.  27.  26.  25.  24.  23.\n",
      "   22.  21.]\n",
      " [  0.  25.  24.  23.  22.  21.  20.  19.  18.  17.  16.  15.  14.  13.\n",
      "   12.  11.]]\n",
      "A_aux[len(A)+r] en r = :  0\n",
      "\n",
      " [0. 0. 0. 0. 0. 0. 0. 0. 0. 0. 0. 0. 0. 0. 0. 0.]\n",
      "A_aux[len(A)+r] en r = :  1\n",
      "\n",
      " [0. 0. 0. 0. 0. 0. 0. 0. 0. 0. 0. 0. 0. 0. 0. 0.]\n",
      "B_aux[m] en m = :  0\n",
      "\n",
      " [11. 12. 13. 14. 15. 16. 17. 18. 19. 20. 21. 22. 23. 24. 25.  0.]\n",
      "B_aux[m] en m = :  1\n",
      "\n",
      " [21. 22. 23. 24. 25. 26. 27. 28. 29. 30. 31. 32. 33. 34. 35.  0.]\n",
      "B_aux[m] en m = :  2\n",
      "\n",
      " [31. 32. 33. 34. 35. 36. 37. 38. 39. 40. 41. 42. 43. 44. 45.  0.]\n",
      "B_aux[m] en m = :  3\n",
      "\n",
      " [41. 42. 43. 44. 45. 46. 47. 48. 49. 50. 51. 52. 53. 54. 55.  0.]\n",
      "B_aux[m] en m = :  4\n",
      "\n",
      " [51. 52. 53. 54. 55. 56. 57. 58. 59. 60. 61. 62. 63. 64. 65.  0.]\n",
      "B_aux[m] en m = :  5\n",
      "\n",
      " [61. 62. 63. 64. 65. 66. 67. 68. 69. 70. 71. 72. 73. 74. 75.  0.]\n",
      "B_aux[m] en m = :  6\n",
      "\n",
      " [71. 72. 73. 74. 75. 76. 77. 78. 79. 80. 81. 82. 83. 84. 85.  0.]\n",
      "B_aux[m] en m = :  7\n",
      "\n",
      " [81. 82. 83. 84. 85. 86. 87. 88. 89. 90. 91. 92. 93. 94. 95.  0.]\n",
      "B_aux[m] en m = :  8\n",
      "\n",
      " [ 91.  92.  93.  94.  95.  96.  97.  98.  99. 100. 101. 102. 103. 104.\n",
      " 105.   0.]\n",
      "B_aux[m] en m = :  9\n",
      "\n",
      " [101. 102. 103. 104. 105. 106. 107. 108. 109. 110. 111. 112. 113. 114.\n",
      " 115.   0.]\n",
      "B_aux[m] en m = :  10\n",
      "\n",
      " [111. 112. 113. 114. 115. 116. 117. 118. 119. 120. 121. 122. 123. 124.\n",
      " 125.   0.]\n",
      "B_aux[m] en m = :  11\n",
      "\n",
      " [121. 122. 123. 124. 125. 126. 127. 128. 129. 130. 131. 132. 133. 134.\n",
      " 135.   0.]\n",
      "B_aux[m] en m = :  12\n",
      "\n",
      " [131. 132. 133. 134. 135. 136. 137. 138. 139. 140. 141. 142. 143. 144.\n",
      " 145.   0.]\n",
      "B_aux[m] en m = :  13\n",
      "\n",
      " [141. 142. 143. 144. 145. 146. 147. 148. 149. 150. 151. 152. 153. 154.\n",
      " 155.   0.]\n",
      "len(A_aux) 16\n",
      "len(A_aux[0]) 16\n",
      "A_aux \n",
      " [[ 11.  12.  13.  14.  15.  16.  17.  18.  19.  20.  21.  22.  23.  24.\n",
      "    0.   0.]\n",
      " [ 21.  22.  23.  24.  25.  26.  27.  28.  29.  30.  31.  32.  33.  34.\n",
      "    0.   0.]\n",
      " [ 31.  32.  33.  34.  35.  36.  37.  38.  39.  40.  41.  42.  43.  44.\n",
      "    0.   0.]\n",
      " [ 41.  42.  43.  44.  45.  46.  47.  48.  49.  50.  51.  52.  53.  54.\n",
      "    0.   0.]\n",
      " [ 51.  52.  53.  54.  55.  56.  57.  58.  59.  60.  61.  62.  63.  64.\n",
      "    0.   0.]\n",
      " [ 61.  62.  63.  64.  65.  66.  67.  68.  69.  70.  71.  72.  73.  74.\n",
      "    0.   0.]\n",
      " [ 71.  72.  73.  74.  75.  76.  77.  78.  79.  80.  81.  82.  83.  84.\n",
      "    0.   0.]\n",
      " [ 81.  82.  83.  84.  85.  86.  87.  88.  89.  90.  91.  92.  93.  94.\n",
      "    0.   0.]\n",
      " [ 91.  92.  93.  94.  95.  96.  97.  98.  99. 100. 101. 102. 103. 104.\n",
      "    0.   0.]\n",
      " [101. 102. 103. 104. 105. 106. 107. 108. 109. 110. 111. 112. 113. 114.\n",
      "    0.   0.]\n",
      " [111. 112. 113. 114. 115. 116. 117. 118. 119. 120. 121. 122. 123. 124.\n",
      "    0.   0.]\n",
      " [121. 122. 123. 124. 125. 126. 127. 128. 129. 130. 131. 132. 133. 134.\n",
      "    0.   0.]\n",
      " [131. 132. 133. 134. 135. 136. 137. 138. 139. 140. 141. 142. 143. 144.\n",
      "    0.   0.]\n",
      " [141. 142. 143. 144. 145. 146. 147. 148. 149. 150. 151. 152. 153. 154.\n",
      "    0.   0.]\n",
      " [  0.   0.   0.   0.   0.   0.   0.   0.   0.   0.   0.   0.   0.   0.\n",
      "    0.   0.]\n",
      " [  0.   0.   0.   0.   0.   0.   0.   0.   0.   0.   0.   0.   0.   0.\n",
      "    0.   0.]]\n",
      "len(B_aux) 16\n",
      "len(B_aux[0]) 16\n",
      "B_aux \n",
      " [[  0.   0.   0.   0.   0.   0.   0.   0.   0.   0.   0.   0.   0.   0.\n",
      "    0.   0.]\n",
      " [  0.   0.   0.   0.   0.   0.   0.   0.   0.   0.   0.   0.   0.   0.\n",
      "    0.   0.]\n",
      " [  0. 155. 154. 153. 152. 151. 150. 149. 148. 147. 146. 145. 144. 143.\n",
      "  142. 141.]\n",
      " [  0. 145. 144. 143. 142. 141. 140. 139. 138. 137. 136. 135. 134. 133.\n",
      "  132. 131.]\n",
      " [  0. 135. 134. 133. 132. 131. 130. 129. 128. 127. 126. 125. 124. 123.\n",
      "  122. 121.]\n",
      " [  0. 125. 124. 123. 122. 121. 120. 119. 118. 117. 116. 115. 114. 113.\n",
      "  112. 111.]\n",
      " [  0. 115. 114. 113. 112. 111. 110. 109. 108. 107. 106. 105. 104. 103.\n",
      "  102. 101.]\n",
      " [  0. 105. 104. 103. 102. 101. 100.  99.  98.  97.  96.  95.  94.  93.\n",
      "   92.  91.]\n",
      " [  0.  95.  94.  93.  92.  91.  90.  89.  88.  87.  86.  85.  84.  83.\n",
      "   82.  81.]\n",
      " [  0.  85.  84.  83.  82.  81.  80.  79.  78.  77.  76.  75.  74.  73.\n",
      "   72.  71.]\n",
      " [  0.  75.  74.  73.  72.  71.  70.  69.  68.  67.  66.  65.  64.  63.\n",
      "   62.  61.]\n",
      " [  0.  65.  64.  63.  62.  61.  60.  59.  58.  57.  56.  55.  54.  53.\n",
      "   52.  51.]\n",
      " [  0.  55.  54.  53.  52.  51.  50.  49.  48.  47.  46.  45.  44.  43.\n",
      "   42.  41.]\n",
      " [  0.  45.  44.  43.  42.  41.  40.  39.  38.  37.  36.  35.  34.  33.\n",
      "   32.  31.]\n",
      " [  0.  35.  34.  33.  32.  31.  30.  29.  28.  27.  26.  25.  24.  23.\n",
      "   22.  21.]\n",
      " [  0.  25.  24.  23.  22.  21.  20.  19.  18.  17.  16.  15.  14.  13.\n",
      "   12.  11.]]\n",
      "A_aux[len(A)+r] en r = :  0\n",
      "\n",
      " [0. 0. 0. 0. 0. 0. 0. 0. 0. 0. 0. 0. 0. 0. 0. 0.]\n",
      "A_aux[len(A)+r] en r = :  1\n",
      "\n",
      " [0. 0. 0. 0. 0. 0. 0. 0. 0. 0. 0. 0. 0. 0. 0. 0.]\n",
      "B_aux[m] en m = :  0\n",
      "\n",
      " [11. 12. 13. 14. 15. 16. 17. 18. 19. 20. 21. 22. 23. 24. 25.  0.]\n",
      "B_aux[m] en m = :  1\n",
      "\n",
      " [21. 22. 23. 24. 25. 26. 27. 28. 29. 30. 31. 32. 33. 34. 35.  0.]\n",
      "B_aux[m] en m = :  2\n",
      "\n",
      " [31. 32. 33. 34. 35. 36. 37. 38. 39. 40. 41. 42. 43. 44. 45.  0.]\n",
      "B_aux[m] en m = :  3\n",
      "\n",
      " [41. 42. 43. 44. 45. 46. 47. 48. 49. 50. 51. 52. 53. 54. 55.  0.]\n",
      "B_aux[m] en m = :  4\n",
      "\n",
      " [51. 52. 53. 54. 55. 56. 57. 58. 59. 60. 61. 62. 63. 64. 65.  0.]\n",
      "B_aux[m] en m = :  5\n",
      "\n",
      " [61. 62. 63. 64. 65. 66. 67. 68. 69. 70. 71. 72. 73. 74. 75.  0.]\n",
      "B_aux[m] en m = :  6\n",
      "\n",
      " [71. 72. 73. 74. 75. 76. 77. 78. 79. 80. 81. 82. 83. 84. 85.  0.]\n",
      "B_aux[m] en m = :  7\n",
      "\n",
      " [81. 82. 83. 84. 85. 86. 87. 88. 89. 90. 91. 92. 93. 94. 95.  0.]\n",
      "B_aux[m] en m = :  8\n",
      "\n",
      " [ 91.  92.  93.  94.  95.  96.  97.  98.  99. 100. 101. 102. 103. 104.\n",
      " 105.   0.]\n",
      "B_aux[m] en m = :  9\n",
      "\n",
      " [101. 102. 103. 104. 105. 106. 107. 108. 109. 110. 111. 112. 113. 114.\n",
      " 115.   0.]\n",
      "B_aux[m] en m = :  10\n",
      "\n",
      " [111. 112. 113. 114. 115. 116. 117. 118. 119. 120. 121. 122. 123. 124.\n",
      " 125.   0.]\n",
      "B_aux[m] en m = :  11\n",
      "\n",
      " [121. 122. 123. 124. 125. 126. 127. 128. 129. 130. 131. 132. 133. 134.\n",
      " 135.   0.]\n",
      "B_aux[m] en m = :  12\n",
      "\n",
      " [131. 132. 133. 134. 135. 136. 137. 138. 139. 140. 141. 142. 143. 144.\n",
      " 145.   0.]\n",
      "B_aux[m] en m = :  13\n",
      "\n",
      " [141. 142. 143. 144. 145. 146. 147. 148. 149. 150. 151. 152. 153. 154.\n",
      " 155.   0.]\n",
      "len(A_aux) 16\n",
      "len(A_aux[0]) 16\n",
      "A_aux \n",
      " [[ -11.  -12.  -13.  -14.  -15.  -16.  -17.  -18.  -19.  -20.  -21.  -22.\n",
      "   -23.  -24.    0.    0.]\n",
      " [ -21.  -22.  -23.  -24.  -25.  -26.  -27.  -28.  -29.  -30.  -31.  -32.\n",
      "   -33.  -34.    0.    0.]\n",
      " [ -31.  -32.  -33.  -34.  -35.  -36.  -37.  -38.  -39.  -40.  -41.  -42.\n",
      "   -43.  -44.    0.    0.]\n",
      " [ -41.  -42.  -43.  -44.  -45.  -46.  -47.  -48.  -49.  -50.  -51.  -52.\n",
      "   -53.  -54.    0.    0.]\n",
      " [ -51.  -52.  -53.  -54.  -55.  -56.  -57.  -58.  -59.  -60.  -61.  -62.\n",
      "   -63.  -64.    0.    0.]\n",
      " [ -61.  -62.  -63.  -64.  -65.  -66.  -67.  -68.  -69.  -70.  -71.  -72.\n",
      "   -73.  -74.    0.    0.]\n",
      " [ -71.  -72.  -73.  -74.  -75.  -76.  -77.  -78.  -79.  -80.  -81.  -82.\n",
      "   -83.  -84.    0.    0.]\n",
      " [ -81.  -82.  -83.  -84.  -85.  -86.  -87.  -88.  -89.  -90.  -91.  -92.\n",
      "   -93.  -94.    0.    0.]\n",
      " [ -91.  -92.  -93.  -94.  -95.  -96.  -97.  -98.  -99. -100. -101. -102.\n",
      "  -103. -104.    0.    0.]\n",
      " [-101. -102. -103. -104. -105. -106. -107. -108. -109. -110. -111. -112.\n",
      "  -113. -114.    0.    0.]\n",
      " [-111. -112. -113. -114. -115. -116. -117. -118. -119. -120. -121. -122.\n",
      "  -123. -124.    0.    0.]\n",
      " [-121. -122. -123. -124. -125. -126. -127. -128. -129. -130. -131. -132.\n",
      "  -133. -134.    0.    0.]\n",
      " [-131. -132. -133. -134. -135. -136. -137. -138. -139. -140. -141. -142.\n",
      "  -143. -144.    0.    0.]\n",
      " [-141. -142. -143. -144. -145. -146. -147. -148. -149. -150. -151. -152.\n",
      "  -153. -154.    0.    0.]\n",
      " [   0.    0.    0.    0.    0.    0.    0.    0.    0.    0.    0.    0.\n",
      "     0.    0.    0.    0.]\n",
      " [   0.    0.    0.    0.    0.    0.    0.    0.    0.    0.    0.    0.\n",
      "     0.    0.    0.    0.]]\n",
      "len(B_aux) 16\n",
      "len(B_aux[0]) 16\n",
      "B_aux \n",
      " [[  0.   0.   0.   0.   0.   0.   0.   0.   0.   0.   0.   0.   0.   0.\n",
      "    0.   0.]\n",
      " [  0.   0.   0.   0.   0.   0.   0.   0.   0.   0.   0.   0.   0.   0.\n",
      "    0.   0.]\n",
      " [  0. 155. 154. 153. 152. 151. 150. 149. 148. 147. 146. 145. 144. 143.\n",
      "  142. 141.]\n",
      " [  0. 145. 144. 143. 142. 141. 140. 139. 138. 137. 136. 135. 134. 133.\n",
      "  132. 131.]\n",
      " [  0. 135. 134. 133. 132. 131. 130. 129. 128. 127. 126. 125. 124. 123.\n",
      "  122. 121.]\n",
      " [  0. 125. 124. 123. 122. 121. 120. 119. 118. 117. 116. 115. 114. 113.\n",
      "  112. 111.]\n",
      " [  0. 115. 114. 113. 112. 111. 110. 109. 108. 107. 106. 105. 104. 103.\n",
      "  102. 101.]\n",
      " [  0. 105. 104. 103. 102. 101. 100.  99.  98.  97.  96.  95.  94.  93.\n",
      "   92.  91.]\n",
      " [  0.  95.  94.  93.  92.  91.  90.  89.  88.  87.  86.  85.  84.  83.\n",
      "   82.  81.]\n",
      " [  0.  85.  84.  83.  82.  81.  80.  79.  78.  77.  76.  75.  74.  73.\n",
      "   72.  71.]\n",
      " [  0.  75.  74.  73.  72.  71.  70.  69.  68.  67.  66.  65.  64.  63.\n",
      "   62.  61.]\n",
      " [  0.  65.  64.  63.  62.  61.  60.  59.  58.  57.  56.  55.  54.  53.\n",
      "   52.  51.]\n",
      " [  0.  55.  54.  53.  52.  51.  50.  49.  48.  47.  46.  45.  44.  43.\n",
      "   42.  41.]\n",
      " [  0.  45.  44.  43.  42.  41.  40.  39.  38.  37.  36.  35.  34.  33.\n",
      "   32.  31.]\n",
      " [  0.  35.  34.  33.  32.  31.  30.  29.  28.  27.  26.  25.  24.  23.\n",
      "   22.  21.]\n",
      " [  0.  25.  24.  23.  22.  21.  20.  19.  18.  17.  16.  15.  14.  13.\n",
      "   12.  11.]]\n",
      "A_aux[len(A)+r] en r = :  0\n",
      "\n",
      " [0. 0. 0. 0. 0. 0. 0. 0. 0. 0. 0. 0. 0. 0. 0. 0.]\n",
      "A_aux[len(A)+r] en r = :  1\n",
      "\n",
      " [0. 0. 0. 0. 0. 0. 0. 0. 0. 0. 0. 0. 0. 0. 0. 0.]\n",
      "B_aux[m] en m = :  0\n",
      "\n",
      " [11. 12. 13. 14. 15. 16. 17. 18. 19. 20. 21. 22. 23. 24. 25.  0.]\n",
      "B_aux[m] en m = :  1\n",
      "\n",
      " [21. 22. 23. 24. 25. 26. 27. 28. 29. 30. 31. 32. 33. 34. 35.  0.]\n",
      "B_aux[m] en m = :  2\n",
      "\n",
      " [31. 32. 33. 34. 35. 36. 37. 38. 39. 40. 41. 42. 43. 44. 45.  0.]\n",
      "B_aux[m] en m = :  3\n",
      "\n",
      " [41. 42. 43. 44. 45. 46. 47. 48. 49. 50. 51. 52. 53. 54. 55.  0.]\n",
      "B_aux[m] en m = :  4\n",
      "\n",
      " [51. 52. 53. 54. 55. 56. 57. 58. 59. 60. 61. 62. 63. 64. 65.  0.]\n",
      "B_aux[m] en m = :  5\n",
      "\n",
      " [61. 62. 63. 64. 65. 66. 67. 68. 69. 70. 71. 72. 73. 74. 75.  0.]\n",
      "B_aux[m] en m = :  6\n",
      "\n",
      " [71. 72. 73. 74. 75. 76. 77. 78. 79. 80. 81. 82. 83. 84. 85.  0.]\n",
      "B_aux[m] en m = :  7\n",
      "\n",
      " [81. 82. 83. 84. 85. 86. 87. 88. 89. 90. 91. 92. 93. 94. 95.  0.]\n",
      "B_aux[m] en m = :  8\n",
      "\n",
      " [ 91.  92.  93.  94.  95.  96.  97.  98.  99. 100. 101. 102. 103. 104.\n",
      " 105.   0.]\n",
      "B_aux[m] en m = :  9\n",
      "\n",
      " [101. 102. 103. 104. 105. 106. 107. 108. 109. 110. 111. 112. 113. 114.\n",
      " 115.   0.]\n",
      "B_aux[m] en m = :  10\n",
      "\n",
      " [111. 112. 113. 114. 115. 116. 117. 118. 119. 120. 121. 122. 123. 124.\n",
      " 125.   0.]\n",
      "B_aux[m] en m = :  11\n",
      "\n",
      " [121. 122. 123. 124. 125. 126. 127. 128. 129. 130. 131. 132. 133. 134.\n",
      " 135.   0.]\n",
      "B_aux[m] en m = :  12\n",
      "\n",
      " [131. 132. 133. 134. 135. 136. 137. 138. 139. 140. 141. 142. 143. 144.\n",
      " 145.   0.]\n",
      "B_aux[m] en m = :  13\n",
      "\n",
      " [141. 142. 143. 144. 145. 146. 147. 148. 149. 150. 151. 152. 153. 154.\n",
      " 155.   0.]\n",
      "len(A_aux) 16\n",
      "len(A_aux[0]) 16\n",
      "A_aux \n",
      " [[ 11.  12.  13.  14.  15.  16.  17.  18.  19.  20.  21.  22.  23.  24.\n",
      "    0.   0.]\n",
      " [ 21.  22.  23.  24.  25.  26.  27.  28.  29.  30.  31.  32.  33.  34.\n",
      "    0.   0.]\n",
      " [ 31.  32.  33.  34.  35.  36.  37.  38.  39.  40.  41.  42.  43.  44.\n",
      "    0.   0.]\n",
      " [ 41.  42.  43.  44.  45.  46.  47.  48.  49.  50.  51.  52.  53.  54.\n",
      "    0.   0.]\n",
      " [ 51.  52.  53.  54.  55.  56.  57.  58.  59.  60.  61.  62.  63.  64.\n",
      "    0.   0.]\n",
      " [ 61.  62.  63.  64.  65.  66.  67.  68.  69.  70.  71.  72.  73.  74.\n",
      "    0.   0.]\n",
      " [ 71.  72.  73.  74.  75.  76.  77.  78.  79.  80.  81.  82.  83.  84.\n",
      "    0.   0.]\n",
      " [ 81.  82.  83.  84.  85.  86.  87.  88.  89.  90.  91.  92.  93.  94.\n",
      "    0.   0.]\n",
      " [ 91.  92.  93.  94.  95.  96.  97.  98.  99. 100. 101. 102. 103. 104.\n",
      "    0.   0.]\n",
      " [101. 102. 103. 104. 105. 106. 107. 108. 109. 110. 111. 112. 113. 114.\n",
      "    0.   0.]\n",
      " [111. 112. 113. 114. 115. 116. 117. 118. 119. 120. 121. 122. 123. 124.\n",
      "    0.   0.]\n",
      " [121. 122. 123. 124. 125. 126. 127. 128. 129. 130. 131. 132. 133. 134.\n",
      "    0.   0.]\n",
      " [131. 132. 133. 134. 135. 136. 137. 138. 139. 140. 141. 142. 143. 144.\n",
      "    0.   0.]\n",
      " [141. 142. 143. 144. 145. 146. 147. 148. 149. 150. 151. 152. 153. 154.\n",
      "    0.   0.]\n",
      " [  0.   0.   0.   0.   0.   0.   0.   0.   0.   0.   0.   0.   0.   0.\n",
      "    0.   0.]\n",
